# If you want to use the stored files with the points below. Please replace the code snippet in the GetNodeBranches.py file
	if graph == "ca-GrQc":
                x =  [0.00013, 0.000033, 0.000013, 0.000009457, 0.00000775, 0.0000219, 0.000057, 0.0002]
                y = [0.71, 0.03, -1.58, -3.12, -4.28, -0.6, 0.37, 0.808]
                x2 = [0.0001, 0.00005, 0.000028, 0.00001544, 0.00001, 0.000007, 0.0000047]
                y2 = [0.83, 0.67, 0.26, -0.36, -0.96, -2.2, -3.62]
                x3 = [0.0002, 0.00015, 0.00008, 0.00005, 0.000036, 0.000023, 0.000017, 0.000014]
                y3 = [0.65, 0.566, 0.272, -0.266, -0.829, -1.86, -3.064, -4.526]
            elif graph == "ca-HepTh":
                x3 =  [0.00046, 0.00029, 0.00016, 0.0001, 0.0000697, 0.0000509, 0.000034, 0.0000266, 0.0000209, 0.0000135, 0.0000121, 0.00001]
                y3 = [0.859, 0.738, 0.526, 0.257, -0.162, -0.539, -1.317, -2.018, -2.767, -4.493, -5.479, -6.954]
                x2 = [0.0000033, 0.00000434, 0.00000578, 0.00000656, 0.00000927, 0.0000143, 0.000022, 0.0000288, 0.0000524, 0.0000928, 0.0002, 0.0004]
                y2 = [-6.98, -5.739, -4.354, -3.5, -2.209, -1.456, -0.396, -0.05, 0.413, 0.7, 0.885, 0.967]
                x = [0.0004, 0.00024, 0.000088, 0.000048, 0.000033, 0.000022, 0.0000155, 0.0000116, 0.00000932, 0.00000655, 0.00000617]
                y = [0.889, 0.798, 0.451, -0.01, -0.468, -1.242, -2.2, -3.2, -4.452, -6.582, -7.364]
            elif graph == "ca-HepPh":
                x =  [0.0007, 0.00039, 0.000174, 0.000091, 0.000056, 0.000038, 0.0000295, 0.0000275, 0.0000205, 0.000016, 0.0000149, 0.0000125, 0.0000109]
                y = [0.866, 0.762, 0.45, -0.062, -0.718, -1.5, -2.293, -2.504, -3.785, -4.785, -5.56, -6.99, -8.1]
                x2 = [0.00000517, 0.0000065, 0.0000078, 0.00000998, 0.0000142, 0.000023, 0.000037, 0.000073, 0.00016, 0.0003, 0.0007]
                y2 = [-6.93, -5.764, -4.3, -3.262, -2.042, -0.967, -0.126, 0.504, 0.834, 0.924, 0.958]
                x3 = [0.00069, 0.00035, 0.00016, 0.00011, 0.0000847, 0.0000576, 0.000043, 0.000034, 0.000032, 0.000024, 0.00002127]
                y3 = [0.767, 0.53, -0.027, -0.472, -0.944, -1.944, -2.8, -3.87, -4.62, -5.54, -7]
            else:
                raise Exception(f'{graph} doesnt seem to be implemented')